     0.0000         1.8570    
    0.50000E-01     1.5970    
    0.10000         1.3740    
    0.15000         1.2730    
    0.20000         1.1570    
    0.25000         1.1140    
    0.30000         1.1310    
    0.35000         1.2170    
    0.40000         1.0990    
    0.45000         1.1020    
    0.50000         1.1320    
    0.55000         1.0850    
    0.60000         1.1340    
    0.65000         1.1910    
    0.70000         1.1760    
    0.75000         1.2120    
    0.80000         1.1210    
    0.85000         1.1440    
    0.90000        0.93400    
    0.95000        0.87600    
     1.0000        0.48600    
 
 A-QR is
    0.11883E-14    0.24425E-14
    0.20817E-16     0.0000    
    0.41633E-16    0.22204E-15
    0.83267E-16     0.0000    
    0.55511E-16    0.22204E-15
    0.83267E-16    0.22204E-15
    0.16653E-15    0.44409E-15
    0.22204E-15     0.0000    
    0.11102E-15    0.44409E-15
    0.22204E-15    0.22204E-15
    0.22204E-15    0.22204E-15
    0.22204E-15    0.44409E-15
    0.33307E-15     0.0000    
    0.33307E-15    0.22204E-15
    0.44409E-15    0.66613E-15
    0.44409E-15    0.66613E-15
    0.22204E-15    0.88818E-15
    0.22204E-15    0.22204E-15
    0.55511E-15    0.33307E-15
    0.44409E-15    0.55511E-15
    0.44409E-15    0.27756E-15
 
     1.0000        0.35836E-15    0.85097E-16    0.74558E-16    0.45164E-16    0.60752E-16    0.38470E-16    0.67409E-16    0.29433E-16   -0.32959E-17   -0.12578E-16   -0.26838E-17    0.19434E-17   -0.38108E-16    0.49535E-16   -0.71295E-16   -0.76481E-16   -0.89436E-16   -0.92119E-16   -0.75679E-16   -0.11551E-15
    0.35836E-15     1.0000       -0.23954E-15    0.82258E-17   -0.10411E-15    0.14885E-16   -0.12442E-15    0.48702E-17   -0.18718E-16   -0.38987E-16   -0.18465E-16    0.13513E-16    0.53794E-18    0.12542E-16    0.65473E-16    0.22961E-17    0.22082E-16    0.40281E-16    0.73037E-16    0.54122E-16    0.81040E-16
    0.85097E-16   -0.23954E-15     1.0000        0.45822E-16    0.13708E-16    0.28653E-16    0.73755E-16    0.60507E-16   -0.12015E-16    0.58436E-17   -0.57778E-17    0.38837E-16    0.53207E-16    0.11952E-16    0.11688E-16    0.40495E-16    0.56992E-16    0.33987E-17    0.29825E-16    0.50486E-16    0.71130E-16
    0.74558E-16    0.82258E-17    0.45822E-16     1.0000       -0.63367E-17    0.15924E-16    0.50718E-16    0.26165E-16    0.10180E-16    0.25390E-16    0.71882E-17    0.42779E-16    0.23585E-16    0.10020E-16    0.50402E-16    0.50758E-16    0.69650E-17    0.12354E-16    0.21393E-16    0.27913E-16    0.45513E-16
    0.45164E-16   -0.10411E-15    0.13708E-16   -0.63367E-17     1.0000       -0.14013E-16   -0.16350E-16    0.11783E-16   -0.41737E-16   -0.28821E-16    0.11551E-16    0.22058E-16   -0.23012E-16    0.10048E-16   -0.11897E-16   -0.63114E-17   -0.18241E-16    0.10391E-16    0.11234E-16    0.12864E-16    0.58849E-17
    0.60752E-16    0.14885E-16    0.28653E-16    0.15924E-16   -0.14013E-16     1.0000        0.59058E-17    0.35874E-16    0.18586E-16    0.27302E-16    0.45677E-17    0.46857E-16    0.12604E-16    0.15623E-16    0.17336E-16    0.22293E-16    0.11870E-16   -0.63280E-17    0.31589E-16    0.26557E-16    0.25983E-16
    0.38470E-16   -0.12442E-15    0.73755E-16    0.50718E-16   -0.16350E-16    0.59058E-17     1.0000        0.11362E-16   -0.20220E-16    0.14067E-16    0.17989E-16    0.31348E-16    0.32636E-16   -0.42357E-17    0.16650E-16    0.41804E-17    0.22106E-16   -0.40795E-17   -0.75854E-17    0.17687E-17    0.17268E-16
    0.67409E-16    0.48702E-17    0.60507E-16    0.26165E-16    0.11783E-16    0.35874E-16    0.11362E-16     1.0000        0.12601E-16    0.15283E-16   -0.19996E-17    0.38211E-16    0.12579E-16    0.16956E-16    0.24804E-16    0.12719E-16    0.14239E-16   -0.13770E-16    0.63055E-17    0.60785E-17    0.72499E-17
    0.29433E-16   -0.18718E-16   -0.12015E-16    0.10180E-16   -0.41737E-16    0.18586E-16   -0.20220E-16    0.12601E-16     1.0000        0.11954E-16   -0.13082E-16    0.34432E-16    0.61904E-17   -0.16578E-16    0.10331E-16    0.23966E-16   -0.27083E-16    0.21426E-16    0.35746E-16    0.47546E-17   -0.64923E-17
   -0.32959E-17   -0.38987E-16    0.58436E-17    0.25390E-16   -0.28821E-16    0.27302E-16    0.14067E-16    0.15283E-16    0.11954E-16     1.0000       -0.31060E-17    0.33546E-16   -0.15132E-16   -0.63499E-17    0.53653E-17   -0.10010E-17    0.53027E-18    0.39833E-16    0.38156E-17   -0.14258E-17    0.70515E-17
   -0.12578E-16   -0.18465E-16   -0.57778E-17    0.71882E-17    0.11551E-16    0.45677E-17    0.17989E-16   -0.19996E-17   -0.13082E-16   -0.31060E-17     1.0000        0.22867E-16    0.18312E-16    0.10674E-16    0.17672E-16    0.14425E-17    0.90067E-17   -0.17011E-17    0.22348E-16    0.31387E-16    0.39339E-17
   -0.26838E-17    0.13513E-16    0.38837E-16    0.42779E-16    0.22058E-16    0.46857E-16    0.31348E-16    0.38211E-16    0.34432E-16    0.33546E-16    0.22867E-16     1.0000        0.20284E-16    0.27675E-16    0.30380E-16    0.47629E-16    0.26746E-16    0.22057E-16    0.15394E-16    0.45499E-16    0.14795E-16
    0.19434E-17    0.53794E-18    0.53207E-16    0.23585E-16   -0.23012E-16    0.12604E-16    0.32636E-16    0.12579E-16    0.61904E-17   -0.15132E-16    0.18312E-16    0.20284E-16     1.0000        0.21701E-17    0.44412E-16   -0.33290E-16   -0.96311E-17   -0.31080E-16   -0.39453E-17    0.48434E-17   -0.56782E-17
   -0.38108E-16    0.12542E-16    0.11952E-16    0.10020E-16    0.10048E-16    0.15623E-16   -0.42357E-17    0.16956E-16   -0.16578E-16   -0.63499E-17    0.10674E-16    0.27675E-16    0.21701E-17     1.0000       -0.36866E-16    0.10626E-16   -0.13131E-16   -0.24759E-16   -0.16184E-16   -0.97552E-17   -0.94324E-17
    0.49535E-16    0.65473E-16    0.11688E-16    0.50402E-16   -0.11897E-16    0.17336E-16    0.16650E-16    0.24804E-16    0.10331E-16    0.53653E-17    0.17672E-16    0.30380E-16    0.44412E-16   -0.36866E-16     1.0000       -0.14345E-16   -0.15595E-16   -0.91231E-17   -0.25333E-16    0.16390E-16   -0.15680E-16
   -0.71295E-16    0.22961E-17    0.40495E-16    0.50758E-16   -0.63114E-17    0.22293E-16    0.41804E-17    0.12719E-16    0.23966E-16   -0.10010E-17    0.14425E-17    0.47629E-16   -0.33290E-16    0.10626E-16   -0.14345E-16     1.0000        0.45082E-17   -0.19179E-16   -0.83050E-17   -0.21048E-16   -0.21785E-16
   -0.76481E-16    0.22082E-16    0.56992E-16    0.69650E-17   -0.18241E-16    0.11870E-16    0.22106E-16    0.14239E-16   -0.27083E-16    0.53027E-18    0.90067E-17    0.26746E-16   -0.96311E-17   -0.13131E-16   -0.15595E-16    0.45082E-17     1.0000       -0.31405E-17   -0.21385E-16   -0.26169E-16   -0.21538E-16
   -0.89436E-16    0.40281E-16    0.33987E-17    0.12354E-16    0.10391E-16   -0.63280E-17   -0.40795E-17   -0.13770E-16    0.21426E-16    0.39833E-16   -0.17011E-17    0.22057E-16   -0.31080E-16   -0.24759E-16   -0.91231E-17   -0.19179E-16   -0.31405E-17     1.0000       -0.31035E-16   -0.26355E-16   -0.14098E-16
   -0.92119E-16    0.73037E-16    0.29825E-16    0.21393E-16    0.11234E-16    0.31589E-16   -0.75854E-17    0.63055E-17    0.35746E-16    0.38156E-17    0.22348E-16    0.15394E-16   -0.39453E-17   -0.16184E-16   -0.25333E-16   -0.83050E-17   -0.21385E-16   -0.31035E-16     1.0000       -0.44063E-16   -0.43475E-16
   -0.75679E-16    0.54122E-16    0.50486E-16    0.27913E-16    0.12864E-16    0.26557E-16    0.17687E-17    0.60785E-17    0.47546E-17   -0.14258E-17    0.31387E-16    0.45499E-16    0.48434E-17   -0.97552E-17    0.16390E-16   -0.21048E-16   -0.26169E-16   -0.26355E-16   -0.44063E-16     1.0000       -0.23390E-16
   -0.11551E-15    0.81040E-16    0.71130E-16    0.45513E-16    0.58849E-17    0.25983E-16    0.17268E-16    0.72499E-17   -0.64923E-17    0.70515E-17    0.39339E-17    0.14795E-16   -0.56782E-17   -0.94324E-17   -0.15680E-16   -0.21785E-16   -0.21538E-16   -0.14098E-16   -0.43475E-16   -0.23390E-16     1.0000    
 
     7.1750         10.996    
     10.996         29.726    
 
   1.0000000000000002        1.0000000000000000     
   1.0000000000000000        1.0000000000000000     
